Silnik elektryczny asynchroniczny klatkowy
MSE values for all grids:
0.187270163 0.871119897 1.288409463 0.281729232 0.998773751 1.112733975 1.034842258 1.407834647 3.350605956 0.534456526 0.979861246 1.885181272 0.160090953 0.783141431 1.412443905 0.264122829 0.898314851 1.244508242 3.822790057 1.391056846 2.680706690 0.481150429 0.922378987 1.970452835 0.134797215 0.756108613 1.540037268 0.181509715 0.876955811 1.290275163 0.279266325 1.021914506 1.112356689 1.155967328 1.524011651 3.360335782 2.963197676 0.983666061 1.887277887 0.157395500 0.788565831 1.413115685 0.263053946 0.917913603 1.245410455 3.822784977 1.393743172 2.683081831 0.482539965 0.924038739 1.971315391 0.131767298 0.761262590 1.539394801 0.187276777 0.880463133 1.287161527 0.277254373 1.039378774 1.111981215 1.249446350 1.612613723 3.359632101 2.963195259 0.983662300 1.883066494 0.160098561 0.796192560 1.411079865 0.262130664 0.927716828 1.244499360 3.822782218 1.396432468 2.683077253 0.481142432 0.929041787 1.968696737 0.131769348 0.766434559 1.538755941

Minimal MSE: 0.131767298

Best matching Y row:
5.000000000 250.000000000 0.700000000 0.500000000 0.250000000 0.750004815 0.000000000 0.010233383 0.019946459 0.029158337 0.037887505 0.046151844 0.053968651 0.061354652 0.068326027 0.074898421 0.081086962 0.086906278 0.092370515 0.097493345 0.102287989 0.106767226 0.110943406 0.114828469 0.118433952 0.121771005 0.124850403 0.127682556 0.130277521 0.132645015 0.134794424 0.136734813 0.138474938 0.140023254 0.141387926 0.142576836 0.143597597 0.144457553 0.145163797 0.145723173 0.146142284 0.146427503 0.146584979 0.146620643 0.146540216 0.146349214 0.146052959 0.145656580 0.145165023 0.144583055 0.143915269 0.143166095 0.142339796 0.141440482 0.140472111 0.139438494 0.138343302 0.137190067 0.135982189 0.134722941 0.133415471 0.132062809 0.130667865 0.129233442 0.127762232 0.126256823 0.124719700 0.123153252 0.121559775 0.119941469 0.118300450 0.116638747 0.114958306 0.113260994 0.111548600 0.109822841 0.108085359 0.106337730 0.104581460 0.102817992 0.101048705 0.099274921 0.097497899 0.095718846 0.093938913 0.092159198 0.090380750 0.088604568 0.086831605 0.085062767 0.083298918 0.081540880 0.079789433 0.078045317 0.076309238 0.074581861 0.072863819 0.071155710 0.069458100 0.067771523 0.066096483 0.064433454 0.062782884 0.061145193 0.059520774 0.057909996

Best matching X row:
0.000000000 0.000000000 0.000000000 0.000000000 0.000000000 0.000000000 0.000000000 0.031054468 0.061234311 0.090564244 0.119068275 0.146769722 0.173691232 0.199854805 0.225281807 0.249992995 0.274008528 0.297347988 0.320030398 0.342074234 0.363497446 0.384317469 0.404551240 0.424215212 0.443325367 0.461897233 0.479945892 0.497485999 0.514531787 0.531097088 0.547195336 0.562839586 0.578042517 0.592816452 0.607173361 0.621124875 0.634682292 0.647856592 0.660658444 0.673098211 0.685185964 0.696931491 0.708344298 0.719433627 0.730208454 0.740677504 0.750849254 0.760731943 0.770333577 0.779661935 0.788724578 0.797528852 0.806081899 0.814390657 0.822461871 0.830302095 0.837917700 0.845314877 0.852499644 0.859477849 0.866255177 0.872837155 0.879229152 0.885436390 0.891463943 0.897316744 0.902999588 0.908517137 0.913873920 0.919074345 0.924122691 0.929023124 0.933779689 0.938396322 0.942876848 0.947224987 0.951444354 0.955538464 0.959510738 0.963364497 0.967102975 0.970729314 0.974246569 0.977657711 0.980965631 0.984173137 0.987282963 0.990297765 0.993220128 0.996052564 0.998797518 1.001457367 1.004034422 1.006530932 1.008949085 1.011291006 1.013558766 1.015754376 1.017879795 1.019936926 1.021927621 1.023853684 1.025716866 1.027518873 1.029261363 1.030945951
