silnik elektryczny bezszczotkowy
MSE values for all grids:
1.385481660 1.582724894 1.547297203 1.529709356 1.429144864 1.360719232 1.423096054 1.280821235 1.181461003 1.661931663 1.601095097 1.594283330 1.584174063 1.492113802 1.460931458 1.508478793 1.386222433 1.331764219 1.676386429 1.639963777 1.613735194 1.612912584 1.550413590 1.504476791 1.551138505 1.463271247 1.398331214 1.664434322 1.639750007 1.625679931 1.608657989 1.561250556 1.529856366 1.553688036 1.484116091 1.435952808 1.679612570 1.664434503 1.662584220 1.640109407 1.608658168 1.594281890 1.601129851 1.553688213 1.514848111 1.690763390 1.685666215 1.664434805 1.658485933 1.627454360 1.608658467 1.626638910 1.582483179 1.553688508 1.714480755 1.650072658 1.666966548 1.676797925 1.597460943 1.602315324 1.639483852 1.545462297 1.538535975 1.676651216 1.679360107 1.679268845 1.650230432 1.641933205 1.633422273 1.624042515 1.604868744 1.588066875 1.710608201 1.694691437 1.690946720 1.688906688 1.664051092 1.653431343 1.667399497 1.633689510 1.616280446

Minimal MSE: 1.181461003

Best matching Y row:
3.000000000 5.000000000 0.000500000 0.150000000 0.003000000 0.001090491 0.000000000 0.000741980 0.002960479 0.006638890 0.011753427 0.018273245 0.026160599 0.035371020 0.045853528 0.057550865 0.070399758 0.084331202 0.099270770 0.115138939 0.131851448 0.149319661 0.167450953 0.186149118 0.205314783 0.224845832 0.244637853 0.264584581 0.284578357 0.304510585 0.324272195 0.343754113 0.362847720 0.381445316 0.399440579 0.416729013 0.433208398 0.448779218 0.463345086 0.476813156 0.489094513 0.500104559 0.509763367 0.517996027 0.524732969 0.529910259 0.533469878 0.535359975 0.535535096 0.533956386 0.530591766 0.525416078 0.518411213 0.509566197 0.498877259 0.486347868 0.471988739 0.455817809 0.437860190 0.418148090 0.396720705 0.373624086 0.348910979 0.322640634 0.294878597 0.265696469 0.235171648 0.203387041 0.170430765 0.136395818 0.101379734 0.065484227 0.028814806 -0.008519608 -0.046407095 -0.084733149 -0.123381102 -0.162232559 -0.201167842 -0.240066428 -0.278807402 -0.317269902 -0.355333572 -0.392879002 -0.429788170 -0.465944881 -0.501235195 -0.535547841 -0.568774629 -0.600810845 -0.631555633 -0.660912361 -0.688788970 -0.715098309 -0.739758443 -0.762692952 -0.783831194 -0.803108559 -0.820466693 -0.835853696 -0.849224303 -0.860540028 -0.869769296 -0.876887534 -0.881877249 -0.884728067

Best matching X row:
0.000000000 0.000000000 0.000000000 0.000000000 0.000000000 0.000000000 0.000000000 0.001237156 0.004939615 0.011087684 0.019653521 0.030601259 0.043887173 0.059459863 0.077260475 0.097222943 0.119274263 0.143334786 0.169318542 0.197133579 0.226682331 0.257862000 0.290564956 0.324679159 0.360088591 0.396673703 0.434311874 0.472877874 0.512244346 0.552282281 0.592861507 0.633851173 0.675120239 0.716537957 0.757974359 0.799300725 0.840390059 0.881117545 0.921360995 0.961001288 0.999922790 1.038013761 1.075166740 1.111278923 1.146252505 1.179995011 1.212419604 1.243445365 1.272997551 1.301007826 1.327414469 1.352162549 1.375204079 1.396498137 1.416010961 1.433716015 1.449594025 1.463632987 1.475828148 1.486181955 1.494703978 1.501410806 1.506325916 1.509479510 1.510908335 1.510655473 1.508770105 1.505307259 1.500327528 1.493896776 1.486085815 1.476970076 1.466629250 1.455146926 1.442610208 1.429109323 1.414737217 1.399589149 1.383762265 1.367355180 1.350467549 1.333199639 1.315651902 1.297924542 1.280117100 1.262328030 1.244654286 1.227190926 1.210030711 1.193263726 1.176977013 1.161254217 1.146175242 1.131815938 1.118247791 1.105537645 1.093747433 1.082933945 1.073148599 1.064437253 1.056840031 1.050391175 1.045118924 1.041045420 1.038186634 1.036552323
